-540
22587
29360
-29882
8271
20729
1916
8627
14576
22197
32305
-5125
-25857
-13363
5589
28841
-12509
16925
29
-28616
26099
14059
17249
-8092
-3123
-23640
21656
9245
4470
2843
613
-2469
21888
1081
30555
-8360
-5804
-18213
-4422
-22276
5832
19613
-19185
-14390
-3229
-5837
7359
-27345
-21102
-9230
13582
24034
5614
-15064
29695
6357
-2179
-11329
-27867
-23906
31962
6615
-8013
22901
-27562
-12656
26862
-480
-27748
-30633
27215
-29517
-18435
-15056
-6473
-156
16793
-6958
12489
7894
4691
-14341
13406
9505
-13310
14046
17326
1028
2908
4494
-31694
4781
14969
787
22538
17885
31857
-11196
25766
25381
-19313
13149
18266
-10555
-32430
7080
2133
9569
16106
-21198
-16879
15680
29876
-11026
22467
2263
-3979
-14567
2738
13978
15055
-5150
-27878
-29742
-16634
5051
-14584
-5368
26312
232
15842
-17005
-27799
24675
5138
-13877
-19684
15306
30736
-2439
27294
20295
18358
-1858
-30748
-3515
-31394
10486
25690
21885
20734
-15839
7406
-3181
23038
20990
8849
14872
19624
13150
-30359
-32029
32317
17564
-3514
-14069
-24147
1425
-12073
6064
28489
18236
11159
-17399
-9161
28824
-27782
24688
-2376
-17000
-12622
-31098
-25949
-17954
7763
-11261
-24253
-20316
18809
-10446
23000
23312
26448
-12649
-24349
19530
-4425
5407
23309
-4086
-29077
-6479
30718
-22452
18937
14187
32704
19058
-27883
6844
-24446
-24802
1393
-2255
14406
-21441
-15305
-778
20703
-6171
22045
5000
3450
-23921
-18356
26061
-23132
-20016
-12025
-2655
-1316
6009
-27683
-17251
-5249
22734
-11266
-21817
19181
-22758
-24109
13815
1267
-12229
-32583
19808
-3041
-26373
29858
-6865
21109
-22090
-14643
-12103
-13034
29018
24731
5501
19966
438
-17734
8981
-32156
14578
23051
10354
-13445
31614
22466
5194
5378
-31625
-22344
-8446
-128
-19686
-1097
-146
7987
3327
31280
21025
21
-10757
-30815
12362
32227
13006
4621
-13613
11657
20644
-28149
-18289
28824
2442
-12008
-23105
-4189
14825
2008
28489
24541
3240
-9855
31885
-4064
-11978
-6512
-15747
31771
-8807
30187
-4642
-2271
21355
9186
22785
15693
-28002
28203
17623
-25962
-27489
4134
26339
13993
25005
-3583
-912
3993
10741
-17713
21036
6357
21391
-17574
14272
-5205
-32441
18028
-26617
3422
-19526
20192
14995
19695
-17992
-31927
-14525
-1212
-29442
13693
20079
-14752
23466
-9943
-13784
-12925
-4985
443
22982
17100
-23825
18768
-30068
11117
27076
-29038
-14722
-18398
-19146
-11091
-3331
26905
23554
19812
7109
14300
32117
-8248
-25495
-23078
-8428
-457
-3743
18184
-25486
-29831
15576
-4052
3673
25786
30073
18499
-25445
-27738
31593
-19968
-994
-17275
21009
24659
795
12516
-4072
-18705
377
-16850
8982
18960
12920
-16740
7525
10570
-16651
13938
-5453
653
27506
-19872
-29399
15160
31567
-7531
31478
-10233
-14560
-13917
20953
30777
134
-23765
-21365
27143
-13049
17734
7181
14762
-16556
29052
-6850
30129
-8458
4578
-29176
-2787
-14228
-26723
2576
-14166
25829
-14112
10271
-14574
12297
-27149
1231
-17847
25287
18357
12335
32763
-15930
3716
-24302
1513
7551
24949
-8280
-15126
25244
5526
10574
-1190
22530
22884
-13650
12701
31954
-26221
25236
17829
-11575
-20751
21513
11230
-24257
-6134
-9821
-13246
3879
14460
-22037
-27089
4226
-8833
10548
-25618
16585
-31414
-22856
10756
1773
702
-32521
-31846
-16232
27146
-25072
-21554
2476
-32205
-5768
11609
-18348
14631
15117
-20022
-12472
-1622
20339
-13013
-29323
7026
29274
6958
11888
23924
6750
10718
-11013
1519
-28287
25212
16759
-16187
24490
-18752
6608
-17739
13606
-10169
23412
32550
5391
2183
-23390
4975
-28531
20292
10463
13033
-445
-28442
-27013
9218
-22154
22159
4136
27053
14185
6257
15819
13631
7415
-3187
-13560
-2252
-21740
-14354
-6284
26447
467
-21728
195
-1433
-4940
-6222
-26463
2521
1074
6279
16465
-23350
28110
30867
13062
-11486
23732
-24497
-23556
27078
-13356
-12567
9615
10025
-16939
-10844
-240
14361
-14289
32610
-24197
-6757
15621
9822
-24937
-6634
-22452
9145
-21329
5178
28716
-5046
-31443
29315
-29115
-14090
-10132
16190
6515
11500
-2508
-15529
-19829
-12058
22021
3880
10131
-11706
-25755
7432
8006
-1763
-15138
11309
17838
-21928
-32411
1374
25273
13920
32665
21278
13229
1074
30213
19447
8512
-29356
-31497
6031
-22326
8483
11724
-24883
-7744
5892
23393
-22414
-16176
31383
521
-32424
-9581
-4580
-20519
-7187
-6435
-25100
-16918
22945
4993
-26724
2569
21997
-2544
-11318
-22295
-23441
-31785
22295
-29005
6615
17195
29830
-30169
21280
30719
-16990
-18202
9650
-4861
844
31472
6797
-3873
10867
23911
-7538
25492
-12064
26355
10011
-17839
18047
-8061
25096
32500
15836
6643
32415
-22751
-13851
-6910
-28071
-31980
4376
-25532
1724
-14925
-24788
13753
17173
28429
-12555
-14610
12040
-18988
-27438
-19419
-20027
-17926
-12584
11187
21329
15818
-6185
3672
-10084
-12330
-21821
-29801
-30993
19091
13620
7893
-7155
-23660
16364
17747
-17183
9613
16332
17188
-22724
-20681
-16288
31648
7085
-4097
1606
9439
-19084
12568
2539
31099
-1241
-15074
-20766
-12386
10546
-15022
19134
-31512
-29498
9180
17647
18754
29826
-21866
29859
-14580
-7123
8287
-25451
13345
16905
22129
-2213
-8072
-8769
-12950
15811
-8360
17405
-3569
18029
-16492
-27164
29936
-2825
-15395
-18112
25814
8808
13569
-9115
-10022
12614
-28280
5171
-16932
-3167
-4816
5546
21236
-2180
16255
10220
-7049
9404
15221
13782
510
-26649
11349
-23316
7986
24727
-1501
23210
7803
-1063
-3299
30157
-3761
5410
-19619
17717
-6176
-27904
-2742
8311
-19376
-8740
-32004
-14037
-28057
-19226
5875
13044
-7502
-32314
-8791
-21763
-10251
-24669
-12410
-2609
3127
14650
-8495
8505
-25346
-3386
-8285
16102
12107
11354
-6291
923
-4535
26041
2833
-6262
26084
30602
-9013
-14852
32116
9370
25377
8552
10258
-15130
-29549
-23151
-1637
-6667
-5950
25421
27411
18833
-5908
-27748
-28354
-4706
-25573
477
5949
-9528
-88
26150
-29134
-27436
18748
21064
-6749
10689
3985
19580
-2011
-24358
7388
8061
-21131
-6142
19523
32117
29116
28988
-26666
18839
-8112
12958
11507
-26641
-18342
-6135
-2266
9002
-17581
29763
-27235
12762
-2885
-13795
-6108
-11322
32113
13806
16963
-11947
-31428
-19365
22603
29794
-24095
-2386
-9220
-32222
-28969
383
16151
-12829
10918
-18112
29239
-15233
23910
-21321
25787
-6110
-10793
-13566
-12968
15908
3979
10510
-28681
18481
-6494
-4840
-31557
-23140
-2858
-26789
5170
-16049
25778
-26521
-19240
-18870
-31587
-449
-18817
18223
16661
-11833
24494
15052
-6623
-21567
32130
-8326
19862
18801
15326
21657
-5112
5201
-2445
441
-13181
23366
1745
15847
28410
27258
25899
-30875
-17139
4673
-10504
27516
-1468
4145
130
-7388
-21601
-11044
-21612
4333
-7974
-5217
2438
-28878
-12646
24720
22560
-29389
7196
20895
-1103
5643
10250
13522
12841
16260
13388
-26569
24636
6886
18127
21200
15020
-31419
13819
-16244
20228
1908
-25424
2494
7499
-21748
10156
-30919
-11974
28938
-11566
24543
-10229
18102
19082
2376
-17884
28818
4868
23379
-13395
30048
-8810
-9636
-1727
1497
-2257
-18030
-6573
-23044
-24102
24587
7024
17956
19189
27532
1576
-5048
13957
-12645
19416
-28080
8745
-28086
11593
13990
-21599
-13293
32687
-13009
30568
31820
15380
11241
23537
2950
8975
-27032
6742
6569
16888
12611
26255
4063
-24402
18467
-19658
25210
18159
-19202
-21382
-12819
12501
29897
-17427
14307
10568
15392
2817
25584
1884
-26737
-10397
-5869
18286
16203
22743
19820
24424
-24274
17064
16809
6530
-32540
26926
-17823
7738
6589
-7971
-15101
-27997
17120
-9314
-16642
-13094
30605
4330
10022
2876
18093
7204
14827
-24057
21675
-11572
-11776
21012
-3601
-13903
25437
-32390
6730
9564
21866
7649
-18824
25253
-10745
-317
-22111
19051
-14813
-31123
2808
6524
23610
-13544
-17425
-24596
-23747
27447
-6387
-28325
18202
-16813
16143
-11314
-8613
-11779
2926
221
-5724
-32387
9022
-6700
-27439
21331
-6457
-24940
-31485
-20936
6002
-30269
-2713
-17683
-3328
15449
-9455
14750
24460
-755
-28657
21914
18870
24077
-10697
3383
15152
12492
-29210
24410
-28249
-18876
-23836
-27687
10435
-6629
-32400
-2408
-27373
31103
-12752
13328
3747
30781
16792
-11668
-13561
22393
12158
19636
24910
-5743
27619
-3483
18056
-30876
1076
-9232
25153
13645
-8450
2270
-841
-15898
-6037
3215
-30033
21155
16339
-11430
-8175
-22792
14033
30777
-31423
32418
31129
22480
-2226
15928
2010
9668
7387
8682
-20463
3549
28206
1981
-23640
-27154
18549
27302
-24085
-5747
-16934
-26281
-15593
32274
-13686
7511
-9708
10058
-18375
20834
-18980
-14603
-2123
-16756
30779
-23056
1560
-4228
23950
12556
26881
23216
26265
11443
22566
-4948
-27720
-31630
-23542
16738
-30636
-10546
-23245
-25721
-29114
-11452
22398
-14907
7606
-18658
-1149
-12880
-5484
-16867
29956
-800
31636
-3950
-6887
-23465
10632
9844
25232
28956
28326
-12194
-7806
8113
-29577
1666
-25800
-468
-21608
-27190
-28109
-9209
-3739
-5402
-9286
9603
-1714
-31737
10425
29879
13884
8799
-1316
-24061
26529
-7758
10994
-7788
26846
26551
-21684
24153
-980
-23218
19023
27544
-19950
-28583
12244
-27
-21050
10006
-12524
-29450
-9908
-17267
19763
-2723
-5144
10944
17229
30834
22461
18961
19177
31661
4798
12052
28935
-27888
-16629
-7703
23295
22539
32224
20366
-1879
-12273
-14650
-13963
2397
-853
-27529
-10893
30716
18
-11245
-26156
-16907
-9547
11677
20664
-12224
8579
-26418
-17252
-3566
-1119
-28292
-24786
16439
917
20845
-10263
-5657
-15242
-11748
28241
18639
17539
-30342
31495
-19266
3036
30784
-6231
5569
6086
22536
-15080
-31008
24082
18835
14859
-13504
4876
-8994
16186
-5936
22449
-26362
12435
-1001
12213
-5509
11770
19990
-22939
9102
22139
1705
-11553
-32726
-10850
-23196
31638
-3629
23172
3071
-10977
-29193
26480
5500
-17898
19606
2003
209
-14954
-29209
20839
15896
17870
-13223
7262
-13026
-26696
-9389
-11471
17275
20044
-15194
21425
27937
16616
-31879
30242
-11030
22772
29777
-15838
4991
27118
7630
-6026
554
9243
5982
30802
-30465
-14839
-20178
19132
-5049
-29838
11300
-31087
-31092
-985
28809
32227
-26823
-228
-6680
-22677
-28727
-29961
1679
-5425
-29024
-23517
-15291
28706
15887
22195
-22066
1892
-19696
-9100
-20902
-15135
-27075
-8146
25005
15810
-15292
-28550
-21932
4870
21229
3018
-8913
-14995
-19800
-26475
-14232
-7593
12379
-18201
4963
-2640
-28726
11943
19658
-27743
10923
3042
-10047
-2684
6287
-19344
8790
-14334
9452
28806
22376
-6366
5826
-30158
11173
28197
15151
-27186
1270
-31390
25315
-13504
-13897
-22447
-32501
-1921
-574
12599
20307
15750
-5081
-4755
15839
-23248
-21134
-11891
31187
-21111
-24801
-8770
6771
-24991
10838
5101
-16847
8921
-28533
27417
21731
24942
7812
9486
27631
-24693
31152
21375
28346
1329
17105
8320
24293
17711
30293
23281
16746
1805
-7661
7557
4690
-335
31230
7959
-5032
-1248
-25120
-11968
13627
-745
-15597
-1546
23967
5584
28338
16658
4507
-30314
-29405
31084
29666
12196
30939
-2789
-21318
-19742
-32716
-26540
8255
17105
18547
11944
18711
13724
2410
17138
1797
3287
-30410
-18698
13128
-26222
-11026
-32500
13274
-28862
5898
1165
7145
-2635
26885
-9427
3041
-8035
-9724
-31924
4153
-20163
-2045
15244
-16625
-3435
-18038
27999
-4681
-5516
-4973
28319
21875
27607
23254
-23012
5217
-25223
-32362
-29429
-8417
21038
23974
32409
22227
-31608
1049
1536
-17832
3382
-26310
26104
16
589
29254
-31462
16007
4250
-17498
-23098
24470
32083
2048
-21874
12473
-30215
-12808
27604
23007
8131
-2417
-19218
-5226
21148
-28650
-30991
26330
-8053
-18397
27848
8697
29724
31487
-18595
-19013
-16872
-27982
24031
-4743
23137
-21220
10151
-26859
-2327
-30150
27162
30878
1074
-13589
3974
-14810
-846
18574
-16327
18425
10096
19423
22058
30030
20330
-19826
-3520
5204
-4241
24370
-30940
-14691
17220
23285
5786
-6630
31691
26530
-1039
-1264
-1740
28819
22992
15349
17690
31836
31149
295
9255
30510
-23768
-31933
-13892
24239
21536
2881
6606
-18187
-159
19318
-14178
30644
3827
20809
17228
-6992
-32324
31775
12913
26908
28773
18989
-16773
-14220
31128
27660
-262
17856
-14863
-3422
7284
31608
-26179
-4614
19759
4164
3502
-887
-30396
7372
-32290
-29024
24583
-21705
-11672
28659
30366
31417
-8827
29199
-23224
-456
22520
-8725
6513
-22029
-19022
-30701
5709
-6321
-20459
15783
29057
-17823
-6295
17160
6867
-31865
-31803
-11394
-18542
28258
-13995
-17246
25603
-18052
16485
-16378
16951
29115
21617
-18238
-11374
5842
-26583
-30434
9009
-25174
15083
-15204
19738
12036
14355
10918
-9650
12521
-21117
7952
4685
5311
-18139
-9630
-29066
-32640
19796
-27328
-12804
-7785
32667
-9089
25856
21555
-29881
19963
-7788
8584
20805
14761
2392
11757
7539
2473
13575
-13035
17257
-19708
27897
3681
2787
-20803
-9852
4116
25454
-1159
17758
-10466
7231
13861
14998
4436
-8639
-15599
-16665
-24340
7606
-4014
2401
18867
-16583
-16940
-14084
111
-280
-22743
10432
30785
3499
32676
-16688
1984
26208
-20420
-19533
-17403
4514
15635
32510
-18442
8705
-21118
-16484
30464
32530
-15670
-9565
-18800
-8845
